################################################################################
# HI-MaNGA: HI Followup for the MaNGA Survey
# Observed under code: AGBT17A_012
# Masters, K.L. et al. in prep.
################################################################################
# Telescope:   Robert C. Bryd Green Bank Telescope
# Beam Size FWHM [arcminutes]: 9.0 
# Object (MaNGA plate-ifu format): 8727-12705
# RA Dec (J2000): 03 48 25.0  -06 37 34
# Rest Frequency [MHz]:  1420.4058
# Central velocity [km/s]: 6286.6   
# Integration time [seconds]: 774.6   
# Date(s) of observations (UT): 2017-11-04 
####################################################################################
# ASCII Table
# Generated by D.V.Stark  Tue Sep  3 16:24:50 2019
# The spectrum is baselined and Hanning smoothed
# Columns are: Velocity of HI (km/s), Flux (Jy), Pre-baseline subtracted flux (Jy)
####################################################################################
# vHI,fHI,fBHI
       3895.3593   0.00468968   -0.0153846
       3900.3164   0.00326502   -0.0167872
       3905.2738   0.00183299   -0.0181980
       3910.2313   0.00140706   -0.0186037
       3915.1889   0.00136149   -0.0186299
       3920.1467  0.000348376   -0.0196245
       3925.1047  -0.00100665   -0.0209619
       3930.0628  -0.00192285   -0.0218613
       3935.0211  -0.00128965   -0.0212121
       3939.9796 -0.000420902   -0.0203282
       3944.9382 -0.000923297   -0.0208162
       3949.8970 -0.000574244   -0.0204535
       3954.8559  0.000621161   -0.0192452
       3959.8150  0.000289179   -0.0195650
       3964.7743  0.000581687   -0.0192610
       3969.7337   0.00186897   -0.0179629
       3974.6933  0.000369189   -0.0194526
       3979.6531 -0.000962438   -0.0207747
       3984.6130  0.000566251   -0.0192372
       3989.5731   0.00167796   -0.0181172
       3994.5333  0.000387527   -0.0194000
       3999.4937  -0.00160378   -0.0213843
       4004.4543  -0.00120625   -0.0209803
       4009.4150 -0.000404742   -0.0201728
       4014.3759  0.000119236   -0.0196434
       4019.3370  0.000906234   -0.0188516
       4024.2982 -0.000253335   -0.0200067
       4029.2596  -0.00141679   -0.0211663
       4034.2211  -0.00147639   -0.0212224
       4039.1828  -0.00180335   -0.0215464
       4044.1446  -0.00184238   -0.0215829
       4049.1067 -0.000620734   -0.0203592
       4054.0689  0.000642940   -0.0190938
       4059.0312  0.000251175   -0.0194843
       4063.9937 -0.000607706   -0.0203423
       4068.9564 -0.000579221   -0.0203133
       4073.9192  0.000982721   -0.0187512
       4078.8822   0.00144421   -0.0182899
       4083.8454  0.000111230   -0.0196234
       4088.8087 -0.000188881   -0.0199243
       4093.7722 -0.000371504   -0.0201081
       4098.7358 -0.000395513   -0.0201336
       4103.6996 -0.000235859   -0.0199756
       4108.6636 -0.000120218   -0.0198620
       4113.6277  0.000294781   -0.0194493
       4118.5920  0.000384704   -0.0193619
       4123.5565   0.00130355   -0.0184459
       4128.5211   0.00139928   -0.0183531
       4133.4859 -6.04486e-05   -0.0198161
       4138.4508   0.00130094   -0.0184582
       4143.4159   0.00312646   -0.0166363
       4148.3812   0.00238583   -0.0173808
       4153.3466   0.00124609   -0.0185245
       4158.3122 -0.000775202   -0.0205500
       4163.2780  -0.00247102   -0.0222502
       4168.2439  -0.00108011   -0.0208638
       4173.2099   0.00170247   -0.0180859
       4178.1762  0.000641046   -0.0191521
       4183.1426  -0.00182460   -0.0216227
       4188.1091  -0.00177304   -0.0215762
       4193.0759  -0.00179497   -0.0216032
       4198.0428  -0.00236701   -0.0221805
       4203.0098  -0.00370011   -0.0235190
       4207.9770  -0.00293075   -0.0227550
       4212.9444 -4.13859e-05   -0.0198712
       4217.9119   0.00163761   -0.0181978
       4222.8796   0.00299890   -0.0168422
       4227.8475   0.00305752   -0.0167893
       4232.8155   0.00131862   -0.0185339
       4237.7837 -0.000656774   -0.0205151
       4242.7521  -0.00169292   -0.0215571
       4247.7206 -0.000954887   -0.0208250
       4252.6893  0.000743168   -0.0191328
       4257.6581   0.00132741   -0.0185545
       4262.6271   0.00210765   -0.0177802
       4267.5963   0.00264238   -0.0172514
       4272.5656  0.000452017   -0.0194477
       4277.5351 -0.000407984   -0.0203136
       4282.5047  0.000393397   -0.0195182
       4287.4745  0.000438545   -0.0194789
       4292.4445  0.000987577   -0.0189358
       4297.4146  0.000572759   -0.0193565
       4302.3849 -0.000381940   -0.0203170
       4307.3554  0.000954212   -0.0189867
       4312.3260   0.00215694   -0.0177897
       4317.2968  0.000592532   -0.0193598
       4322.2678 -0.000562477   -0.0205205
       4327.2389 -2.46746e-06   -0.0199661
       4332.2101  0.000284010   -0.0196852
       4337.1816  0.000108822   -0.0198659
       4342.1532 -1.57014e-05   -0.0199958
       4347.1249 -0.000553532   -0.0205390
       4352.0969 -0.000466784   -0.0204576
       4357.0690  0.000942135   -0.0190539
       4362.0412   0.00140441   -0.0185967
       4367.0136 -0.000341104   -0.0203473
       4371.9862  -0.00301974   -0.0230309
       4376.9589  -0.00350323   -0.0235193
       4381.9318  -0.00198873   -0.0220096
       4386.9049 -0.000967729   -0.0209933
       4391.8781  0.000127870   -0.0199023
       4396.8515  0.000594873   -0.0194398
       4401.8250 -0.000259143   -0.0202982
       4406.7988 -0.000586086   -0.0206294
       4411.7726 -0.000243965   -0.0202915
       4416.7467 -0.000830139   -0.0208817
       4421.7209  -0.00261142   -0.0226670
       4426.6952  -0.00226129   -0.0223207
       4431.6698 -0.000418170   -0.0204813
       4436.6445 -0.000563333   -0.0206301
       4441.6193  0.000102093   -0.0199681
       4446.5943   0.00155321   -0.0185204
       4451.5695   0.00144224   -0.0186346
       4456.5448   0.00168302   -0.0183970
       4461.5203   0.00121219   -0.0188708
       4466.4960 -0.000340747   -0.0204266
       4471.4718 -5.36290e-05   -0.0201422
       4476.4478  0.000494423   -0.0195968
       4481.4240 -0.000316987   -0.0204107
       4486.4003 -4.51495e-05   -0.0201412
       4491.3768   0.00121688   -0.0188814
       4496.3534  0.000471323   -0.0196291
       4501.3302 -0.000648786   -0.0207511
       4506.3072 -0.000828477   -0.0209327
       4511.2843  -0.00124149   -0.0213474
       4516.2616 -0.000862585   -0.0209700
       4521.2391 -0.000838243   -0.0209471
       4526.2167  -0.00168953   -0.0217996
       4531.1945  -0.00125411   -0.0213654
       4536.1724  0.000758407   -0.0193538
       4541.1505   0.00126612   -0.0188470
       4546.1288  0.000396224   -0.0197176
       4551.1072  0.000407895   -0.0197065
       4556.0858  0.000347106   -0.0197678
       4561.0646  0.000492421   -0.0196228
       4566.0435  0.000821864   -0.0192935
       4571.0226  0.000994424   -0.0191210
       4576.0018   0.00102245   -0.0190929
       4580.9812  0.000269005   -0.0198461
       4585.9608 -0.000604407   -0.0207191
       4590.9405 -0.000765658   -0.0208798
       4595.9204  -0.00190024   -0.0220138
       4600.9005  -0.00237530   -0.0224880
       4605.8807  0.000561767   -0.0195500
       4610.8611   0.00176399   -0.0183468
       4615.8417  0.000733103   -0.0193765
       4620.8224  0.000922101   -0.0191861
       4625.8033   0.00124191   -0.0188649
       4630.7843   0.00123213   -0.0188731
       4635.7655   0.00108060   -0.0190229
       4640.7469  0.000765548   -0.0193361
       4645.7284  0.000755639   -0.0193440
       4650.7101   0.00117597   -0.0189215
       4655.6919  0.000428384   -0.0196669
       4660.6740 -0.000285378   -0.0203783
       4665.6561  0.000943583   -0.0191468
       4670.6385   0.00266697   -0.0174208
       4675.6210   0.00327639   -0.0168087
       4680.6037   0.00208885   -0.0179933
       4685.5865   0.00141426   -0.0186649
       4690.5695   0.00167140   -0.0184047
       4695.5527 -9.42686e-05   -0.0201671
       4700.5360  -0.00132976   -0.0213993
       4705.5195 -0.000641037   -0.0207071
       4710.5031  -0.00104824   -0.0211107
       4715.4869  -0.00150776   -0.0215666
       4720.4709  -0.00104561   -0.0211006
       4725.4550 -0.000698458   -0.0207495
       4730.4393 -0.000272063   -0.0203191
       4735.4238  2.37270e-05   -0.0200192
       4740.4084   0.00130623   -0.0187325
       4745.3932   0.00155336   -0.0184810
       4750.3782  -0.00117800   -0.0212079
       4755.3633  -0.00151800   -0.0215434
       4760.3486  0.000795713   -0.0192250
       4765.3340  0.000884358   -0.0191316
       4770.3196 -0.000810324   -0.0208214
       4775.3054  -0.00196564   -0.0219718
       4780.2913  -0.00254365   -0.0225448
       4785.2774  -0.00181177   -0.0218078
       4790.2637 -0.000908961   -0.0208997
       4795.2501 -8.16829e-05   -0.0200672
       4800.2367   0.00123987   -0.0187402
       4805.2234  0.000281967   -0.0196926
       4810.2104  -0.00129057   -0.0212596
       4815.1974  -0.00110531   -0.0210687
       4820.1847 -0.000465579   -0.0204233
       4825.1721 -0.000592468   -0.0205443
       4830.1596  -0.00105808   -0.0210041
       4835.1474 -0.000139231   -0.0200793
       4840.1353  0.000844112   -0.0190899
       4845.1233  0.000500617   -0.0194273
       4850.1115  0.000370767   -0.0195510
       4855.0999 -2.46485e-05   -0.0199401
       4860.0885  -0.00183335   -0.0217425
       4865.0772  -0.00172664   -0.0216295
       4870.0661  0.000981284   -0.0189151
       4875.0551   0.00123068   -0.0186592
       4880.0443 -0.000545901   -0.0204293
       4885.0337 -0.000487444   -0.0203642
       4890.0232  0.000462033   -0.0194081
       4895.0129   0.00101013   -0.0188533
       4900.0027  0.000679933   -0.0191767
       4904.9927 -0.000257626   -0.0201075
       4909.9829 -0.000622939   -0.0204659
       4914.9733  -0.00111734   -0.0209534
       4919.9638 -0.000718703   -0.0205478
       4924.9544  9.59527e-05   -0.0197262
       4929.9453  0.000424191   -0.0193909
       4934.9363   0.00166232   -0.0181458
       4939.9274   0.00218675   -0.0176142
       4944.9188   0.00121744   -0.0185764
       4949.9103  0.000591017   -0.0191957
       4954.9019  0.000287488   -0.0194920
       4959.8937 -0.000432166   -0.0202045
       4964.8857  -0.00173703   -0.0215021
       4969.8778  -0.00222811   -0.0219859
       4974.8702 -0.000768251   -0.0205187
       4979.8626 -0.000154040   -0.0198972
       4984.8553 -0.000269806   -0.0200056
       4989.8481  0.000243085   -0.0194854
       4994.8410 -0.000983369   -0.0207045
       4999.8341  -0.00184379   -0.0215575
       5004.8274 -0.000283039   -0.0199894
       5009.8209 -9.79779e-05   -0.0197970
       5014.8145 -0.000254109   -0.0199457
       5019.8083  0.000333692   -0.0193505
       5024.8022  -0.00111388   -0.0207906
       5029.7963  -0.00257377   -0.0222431
       5034.7906  -0.00184725   -0.0215092
       5039.7850  0.000133023   -0.0195215
       5044.7796   0.00107146   -0.0185756
       5049.7744  0.000294036   -0.0193457
       5054.7693 -0.000647445   -0.0202797
       5059.7644 -0.000794045   -0.0204189
       5064.7596 -0.000915568   -0.0205331
       5069.7551  -0.00125159   -0.0208617
       5074.7506  -0.00107362   -0.0206764
       5079.7464  -0.00152960   -0.0211250
       5084.7423  -0.00116752   -0.0207556
       5089.7384  0.000121770   -0.0194590
       5094.7346  0.000378306   -0.0191952
       5099.7310  0.000783183   -0.0187831
       5104.7275   0.00101440   -0.0185446
       5109.7243   0.00147943   -0.0180724
       5114.7212   0.00189974   -0.0176448
       5119.7182  0.000403824   -0.0191336
       5124.7154 -0.000185227   -0.0197155
       5129.7128  0.000665837   -0.0188573
       5134.7104 -0.000322064   -0.0198382
       5139.7081  -0.00179417   -0.0213032
       5144.7059  -0.00127386   -0.0207759
       5149.7040  0.000150747   -0.0193443
       5154.7022  0.000967057   -0.0185211
       5159.7005  0.000443670   -0.0190376
       5164.6991 -0.000155214   -0.0196296
       5169.6977  0.000501161   -0.0189664
       5174.6966  0.000566052   -0.0188947
       5179.6956  2.14295e-05   -0.0194326
       5184.6948 -7.17598e-05   -0.0195192
       5189.6942  0.000170592   -0.0192702
       5194.6937  0.000358189   -0.0190760
       5199.6933  0.000175068   -0.0192526
       5204.6932  0.000663857   -0.0187573
       5209.6932  0.000898669   -0.0185160
       5214.6933  0.000382983   -0.0190254
       5219.6937  0.000305830   -0.0190962
       5224.6942 -0.000231683   -0.0196274
       5229.6948 -0.000268393   -0.0196579
       5234.6956   0.00145166   -0.0179317
       5239.6966   0.00178225   -0.0175950
       5244.6978 -0.000564689   -0.0199359
       5249.6991  -0.00205795   -0.0214232
       5254.7006 -0.000856596   -0.0202159
       5259.7022  0.000564056   -0.0187894
       5264.7040  0.000898252   -0.0184494
       5269.7060  0.000117022   -0.0192249
       5274.7081 -0.000940825   -0.0202771
       5279.7104 -0.000447760   -0.0197785
       5284.7129 -0.000139086   -0.0194643
       5289.7155  -0.00107301   -0.0203927
       5294.7183  -0.00164419   -0.0209585
       5299.7213  -0.00146294   -0.0207719
       5304.7244 -0.000660015   -0.0199638
       5309.7277  0.000464668   -0.0188339
       5314.7311  0.000632933   -0.0186605
       5319.7347  0.000116525   -0.0191719
       5324.7385  0.000178046   -0.0191054
       5329.7424   0.00134727   -0.0179313
       5334.7465   0.00149923   -0.0177745
       5339.7508 -0.000718472   -0.0199875
       5344.7552  -0.00135461   -0.0206190
       5349.7598 -4.85515e-05   -0.0193083
       5354.7646  0.000679439   -0.0185758
       5359.7695  0.000652265   -0.0185986
       5364.7746  0.000981430   -0.0182651
       5369.7798   0.00150722   -0.0177350
       5374.7853   0.00110667   -0.0181313
       5379.7908   0.00136388   -0.0178700
       5384.7966   0.00163948   -0.0175904
       5389.8025  1.90160e-05   -0.0192069
       5394.8086  -0.00147390   -0.0206959
       5399.8148 -0.000700691   -0.0199189
       5404.8212 -0.000302728   -0.0195172
       5409.8278  -0.00208247   -0.0212933
       5414.8345  -0.00161741   -0.0208247
       5419.8414   0.00103693   -0.0181669
       5424.8485   0.00104350   -0.0181570
       5429.8557  -0.00126530   -0.0204625
       5434.8631  -0.00182885   -0.0210228
       5439.8706  0.000589904   -0.0186009
       5444.8783   0.00174005   -0.0174477
       5449.8862   0.00107362   -0.0181111
       5454.8943  0.000915258   -0.0182666
       5459.9025  5.99398e-06   -0.0191731
       5464.9108 -0.000848365   -0.0200247
       5469.9194 -2.48975e-05   -0.0191986
       5474.9281  0.000187745   -0.0189834
       5479.9370  -0.00106323   -0.0202319
       5484.9460  -0.00110002   -0.0202663
       5489.9552  0.000810214   -0.0183537
       5494.9645   0.00155862   -0.0176031
       5499.9741  0.000552484   -0.0186071
       5504.9838   0.00129005   -0.0178675
       5509.9936   0.00265090   -0.0165046
       5515.0036   0.00224041   -0.0169132
       5520.0138   0.00159887   -0.0175529
       5525.0241   0.00217686   -0.0169732
       5530.0347   0.00207707   -0.0170713
       5535.0453  0.000481643   -0.0186652
       5540.0562 -0.000509139   -0.0196545
       5545.0672 -0.000197874   -0.0193418
       5550.0783   0.00110803   -0.0180346
       5555.0897   0.00148002   -0.0176613
       5560.1012  0.000251456   -0.0188887
       5565.1128 -0.000396301   -0.0195354
       5570.1247 -0.000616305   -0.0197544
       5575.1367  -0.00128626   -0.0204234
       5580.1488  -0.00103496   -0.0201712
       5585.1611 -0.000573102   -0.0197086
       5590.1736 -0.000192002   -0.0193268
       5595.1863  0.000434093   -0.0187001
       5600.1991 -0.000613333   -0.0197469
       5605.2121  -0.00147990   -0.0206130
       5610.2252  -0.00121218   -0.0203449
       5615.2385  -0.00111666   -0.0202491
       5620.2520  0.000525479   -0.0186067
       5625.2656   0.00266298   -0.0164690
       5630.2794   0.00308581   -0.0160460
       5635.2934   0.00135780   -0.0177740
       5640.3075  0.000612446   -0.0185194
       5645.3218   0.00214367   -0.0169883
       5650.3363   0.00235546   -0.0167766
       5655.3509   0.00250402   -0.0166283
       5660.3657   0.00136689   -0.0177657
       5665.3806 -0.000999584   -0.0201326
       5670.3958 -0.000281714   -0.0194151
       5675.4110  0.000926182   -0.0182078
       5680.4265  0.000246888   -0.0188876
       5685.4421 -0.000806937   -0.0199421
       5690.4579 -0.000831155   -0.0199670
       5695.4738 -3.56508e-05   -0.0191722
       5700.4899  0.000464907   -0.0186725
       5705.5062  0.000515817   -0.0186224
       5710.5226 -0.000168375   -0.0193076
       5715.5392  -0.00124055   -0.0203807
       5720.5560  -0.00117791   -0.0203191
       5725.5729 -0.000769948   -0.0199123
       5730.5900  -0.00120035   -0.0203438
       5735.6073 -0.000534227   -0.0196789
       5740.6247  8.25314e-05   -0.0190634
       5745.6423  -0.00129202   -0.0204393
       5750.6601  -0.00130462   -0.0204532
       5755.6780 -0.000304828   -0.0194548
       5760.6961  -0.00166486   -0.0208163
       5765.7143  -0.00228156   -0.0214346
       5770.7327  -0.00107139   -0.0202259
       5775.7513  -0.00139697   -0.0205531
       5780.7700  -0.00165505   -0.0208128
       5785.7889 -0.000666749   -0.0198262
       5790.8080 -0.000543459   -0.0197047
       5795.8273  -0.00122190   -0.0203849
       5800.8467  -0.00115450   -0.0203193
       5805.8662  -0.00122228   -0.0203889
       5810.8860  -0.00192716   -0.0210956
       5815.9059  -0.00164151   -0.0208119
       5820.9259 -0.000215482   -0.0193878
       5825.9461   0.00114139   -0.0180329
       5830.9665   0.00118052   -0.0179958
       5835.9871 -0.000157671   -0.0193361
       5841.0078  -0.00109701   -0.0202775
       5846.0287 -0.000563663   -0.0197462
       5851.0498  -0.00147788   -0.0206626
       5856.0710  -0.00201818   -0.0212050
       5861.0924  0.000602982   -0.0185860
       5866.1139   0.00118865   -0.0180026
       5871.1356 -6.45930e-05   -0.0192580
       5876.1575  4.18852e-05   -0.0191538
       5881.1795 -0.000152059   -0.0193500
       5886.2017 -0.000796710   -0.0199969
       5891.2241  -0.00199465   -0.0211971
       5896.2467  -0.00145661   -0.0206614
       5901.2694   0.00159828   -0.0176088
       5906.2922   0.00265261   -0.0165568
       5911.3153   0.00233932   -0.0168725
       5916.3385   0.00138259   -0.0178315
       5921.3618 -0.000449670   -0.0196662
       5926.3853 -0.000771474   -0.0199903
       5931.4090  -0.00120810   -0.0204293
       5936.4329  -0.00215231   -0.0213759
       5941.4569 -0.000725925   -0.0199519
       5946.4811   0.00176072   -0.0174676
       5951.5055   0.00201554   -0.0172151
       5956.5300   0.00155946   -0.0176736
       5961.5547   0.00210378   -0.0171316
       5966.5795   0.00140293   -0.0178348
       5971.6045  0.000649432   -0.0185907
       5976.6297   0.00155829   -0.0176842
       5981.6550   0.00126854   -0.0179762
       5986.6806 -0.000956230   -0.0202033
       5991.7062  -0.00121188   -0.0204613
       5996.7321  9.90335e-05   -0.0191527
       6001.7581 -0.000791384   -0.0200453
       6006.7842  -0.00158070   -0.0208369
       6011.8106  -0.00108678   -0.0203452
       6016.8371 -0.000890341   -0.0201510
       6021.8637  5.66097e-05   -0.0192063
       6026.8906  0.000951877   -0.0183132
       6031.9176  0.000165121   -0.0191021
       6036.9447 -0.000889025   -0.0201583
       6041.9721 -0.000365789   -0.0196372
       6046.9995  0.000287375   -0.0189861
       6052.0272  0.000633163   -0.0186423
       6057.0550   0.00157632   -0.0177012
       6062.0830   0.00176365   -0.0175158
       6067.1112  0.000863579   -0.0184178
       6072.1395  0.000255439   -0.0190279
       6077.1680 -5.96596e-05   -0.0193448
       6082.1966 -0.000687070   -0.0199740
       6087.2254  -0.00101775   -0.0203065
       6092.2544 -0.000785757   -0.0200762
       6097.2836 -6.70113e-05   -0.0193592
       6102.3129   0.00125320   -0.0180406
       6107.3423   0.00196118   -0.0173342
       6112.3720  0.000694540   -0.0186024
       6117.4018 -0.000510185   -0.0198087
       6122.4318 -0.000798014   -0.0200980
       6127.4619  0.000667066   -0.0186343
       6132.4922   0.00378745   -0.0155152
       6137.5227   0.00391307   -0.0153909
       6142.5533   0.00148850   -0.0178167
       6147.5841 -0.000120510   -0.0194269
       6152.6151 -0.000820494   -0.0201280
       6157.6462  -0.00130782   -0.0206164
       6162.6775 -0.000952530   -0.0202621
       6167.7090 -0.000178265   -0.0194888
       6172.7406  0.000452870   -0.0188585
       6177.7724  0.000679860   -0.0186323
       6182.8043 -0.000725445   -0.0200384
       6187.8365  -0.00217988   -0.0214935
       6192.8688  -0.00234012   -0.0216543
       6197.9012 -0.000669775   -0.0199845
       6202.9338   0.00170227   -0.0176129
       6207.9666   0.00240728   -0.0169083
       6212.9996   0.00158853   -0.0177273
       6218.0327   0.00103185   -0.0182842
       6223.0660  0.000506607   -0.0188096
       6228.0994  0.000130022   -0.0191863
       6233.1330  0.000797786   -0.0185185
       6238.1668   0.00114719   -0.0181690
       6243.2008   0.00267978   -0.0166363
       6248.2349   0.00431335   -0.0150025
       6253.2691   0.00419578   -0.0151197
       6258.3036   0.00528717   -0.0140279
       6263.3382   0.00839090   -0.0109236
       6268.3730    0.0135237  -0.00579028
       6273.4079    0.0216388   0.00232555
       6278.4430    0.0318894    0.0125769
       6283.4783    0.0468241    0.0275124
       6288.5137    0.0673745    0.0480639
       6293.5493    0.0843267    0.0650171
       6298.5851    0.0924948    0.0731864
       6303.6210    0.0960157    0.0767085
       6308.6571    0.0976876    0.0783817
       6313.6934    0.0995736    0.0802691
       6318.7298     0.101387    0.0820843
       6323.7664    0.0956125    0.0763111
       6328.8032    0.0795823    0.0602828
       6333.8401    0.0589547    0.0396570
       6338.8772    0.0394528    0.0201570
       6343.9144    0.0244364   0.00514257
       6348.9519    0.0148821  -0.00440957
       6353.9894    0.0104129  -0.00887654
       6359.0272   0.00765567   -0.0116314
       6364.0651   0.00520622   -0.0140784
       6369.1032   0.00404844   -0.0152336
       6374.1415   0.00310122   -0.0161782
       6379.1799   0.00125090   -0.0180257
       6384.2185 -0.000302533   -0.0195763
       6389.2572  5.30972e-05   -0.0192176
       6394.2961  0.000708153   -0.0185595
       6399.3352  0.000774058   -0.0184904
       6404.3745  0.000838699   -0.0184224
       6409.4139  5.86870e-05   -0.0191990
       6414.4535 -0.000441279   -0.0196954
       6419.4932 -0.000407012   -0.0196574
       6424.5331 -0.000170319   -0.0194170
       6429.5732  0.000868248   -0.0183745
       6434.6134  0.000820300   -0.0184184
       6439.6538 -0.000235538   -0.0194702
       6444.6944  -0.00114215   -0.0203725
       6449.7352  -0.00134197   -0.0205680
       6454.7761 -0.000813675   -0.0200352
       6459.8171 -0.000109977   -0.0193269
       6464.8584  0.000190340   -0.0190219
       6469.8998  0.000473153   -0.0187343
       6474.9414   0.00118524   -0.0180172
       6479.9831  0.000101236   -0.0190962
       6485.0250  -0.00103108   -0.0202233
       6490.0671  3.53407e-05   -0.0191516
       6495.1093  0.000707725   -0.0184738
       6500.1517 -0.000539089   -0.0197150
       6505.1943  -0.00196659   -0.0211369
       6510.2370  -0.00155298   -0.0207175
       6515.2799 -0.000834242   -0.0199928
       6520.3230  -0.00145239   -0.0206050
       6525.3662  -0.00171449   -0.0208609
       6530.4096 -0.000436662   -0.0195768
       6535.4532  0.000441973   -0.0186918
       6540.4969 -0.000555960   -0.0196832
       6545.5408  -0.00102949   -0.0201501
       6550.5849  0.000250704   -0.0188632
       6555.6291  0.000692506   -0.0184145
       6560.6735 -0.000345987   -0.0194460
       6565.7180  -0.00214341   -0.0212364
       6570.7628  -0.00288770   -0.0219734
       6575.8077  -0.00196498   -0.0210434
       6580.8527 -0.000929183   -0.0200001
       6585.8979 -0.000400016   -0.0194633
       6590.9433  -0.00130289   -0.0203585
       6595.9889  -0.00228686   -0.0213347
       6601.0346  -0.00223173   -0.0212716
       6606.0805  -0.00146987   -0.0205017
       6611.1266 -9.52693e-05   -0.0191189
       6616.1728  0.000787593   -0.0182277
       6621.2192   0.00111625   -0.0178907
       6626.2657  0.000554369   -0.0184440
       6631.3124  0.000690823   -0.0182989
       6636.3593   0.00223526   -0.0167457
       6641.4064   0.00142226   -0.0175498
       6646.4536  0.000119039   -0.0188441
       6651.5010  0.000192731   -0.0187613
       6656.5485  0.000347964   -0.0185968
       6661.5963  0.000181154   -0.0187543
       6666.6441 -0.000690997   -0.0196170
       6671.6922  -0.00102078   -0.0199372
       6676.7404  0.000191077   -0.0187157
       6681.7888   0.00127389   -0.0176231
       6686.8373   0.00129290   -0.0175942
       6691.8861  0.000319731   -0.0185574
       6696.9349  -0.00171903   -0.0205860
       6701.9840 -0.000507228   -0.0193640
       6707.0332   0.00270585   -0.0161406
       6712.0826   0.00325415   -0.0155819
       6717.1321   0.00159119   -0.0172344
       6722.1818  6.01339e-05   -0.0187548
       6727.2317  0.000803686   -0.0180005
       6732.2818   0.00153960   -0.0172538
       6737.3320  0.000493094   -0.0182893
       6742.3824  -0.00107695   -0.0198484
       6747.4329  -0.00241198   -0.0211723
       6752.4836  -0.00246659   -0.0212156
       6757.5345  -0.00100786   -0.0197456
       6762.5855  0.000314044   -0.0184123
       6767.6368 -0.000814970   -0.0195298
       6772.6881  -0.00264214   -0.0213454
       6777.7397  -0.00239391   -0.0210855
       6782.7914  -0.00144519   -0.0201250
       6787.8433  -0.00107959   -0.0197475
       6792.8953  -0.00131336   -0.0199693
       6797.9475 -0.000425242   -0.0190692
       6802.9999  0.000347930   -0.0182839
       6808.0524 -0.000732769   -0.0193524
       6813.1052  -0.00133700   -0.0199444
       6818.1580 -0.000796782   -0.0193918
       6823.2111  0.000974499   -0.0176081
       6828.2643   0.00202456   -0.0165455
       6833.3177   0.00159774   -0.0169597
       6838.3712  0.000864817   -0.0176800
       6843.4249  0.000194386   -0.0183377
       6848.4788  0.000870406   -0.0176489
       6853.5328   0.00158166   -0.0169248
       6858.5870  0.000910779   -0.0175827
       6863.6414 -0.000559507   -0.0190400
       6868.6960  -0.00122444   -0.0196919
       6873.7507 -0.000780299   -0.0192347
       6878.8056 -0.000416782   -0.0188580
       6883.8606  0.000702066   -0.0177259
       6888.9158   0.00169183   -0.0167229
       6893.9712  0.000136814   -0.0182645
       6899.0267  -0.00123927   -0.0196272
       6904.0824  -0.00109574   -0.0194703
       6909.1383 -0.000721759   -0.0190828
       6914.1944  0.000332662   -0.0180149
       6919.2506  0.000264724   -0.0180692
       6924.3069 -0.000890089   -0.0192105
       6929.3635 -0.000674793   -0.0189815
       6934.4202  0.000288267   -0.0180048
       6939.4771  0.000611239   -0.0176681
       6944.5341  0.000333079   -0.0179325
       6949.5913  1.33382e-06   -0.0182505
       6954.6487 -0.000623117   -0.0188611
       6959.7062  -0.00133953   -0.0195637
       6964.7639 -0.000592808   -0.0188032
       6969.8218 -0.000249728   -0.0184462
       6974.8799 -0.000672738   -0.0188553
       6979.9381 -0.000138929   -0.0183076
       6984.9965  0.000424693   -0.0177301
       6990.0550   0.00141091   -0.0167300
       6995.1137   0.00127298   -0.0168540
       7000.1726  0.000597212   -0.0175158
       7005.2316   0.00155378   -0.0165453
       7010.2908   0.00106937   -0.0170158
       7015.3502 -0.000248662   -0.0183199
       7020.4098  0.000356316   -0.0177010
       7025.4695   0.00141940   -0.0166240
       7030.5294   0.00129191   -0.0167376
       7035.5894 -0.000782802   -0.0187984
       7040.6496  -0.00225695   -0.0202586
       7045.7100 -0.000349477   -0.0183373
       7050.7705   0.00213169   -0.0158423
       7055.8313   0.00188920   -0.0160709
       7060.8921  0.000534899   -0.0174115
       7065.9532  7.70259e-05   -0.0178556
       7071.0144  6.62529e-05   -0.0178526
       7076.0758  0.000322419   -0.0175827
       7081.1373  0.000688952   -0.0172026
       7086.1990   0.00151454   -0.0163633
       7091.2609   0.00118309   -0.0166812
       7096.3230  0.000360700   -0.0174901
       7101.3852 -0.000432225   -0.0182695
       7106.4476  -0.00203302   -0.0198569
       7111.5101 -0.000947640   -0.0187581
       7116.5728  0.000648885   -0.0171483
       7121.6357 -3.14671e-05   -0.0178154
       7126.6988 -6.43750e-05   -0.0178351
       7131.7620   0.00123948   -0.0165181
       7136.8254   0.00197051   -0.0157740
       7141.8889  0.000481416   -0.0172501
       7146.9527 -0.000387444   -0.0181061
       7152.0165  0.000420282   -0.0172855
       7157.0806  0.000484241   -0.0172088
       7162.1448  0.000258514   -0.0174219
       7167.2092 -0.000818949   -0.0184868
       7172.2738  -0.00137056   -0.0190259
       7177.3385 -0.000686320   -0.0183293
       7182.4034  -0.00115431   -0.0187850
       7187.4684 -0.000352229   -0.0179707
       7192.5337   0.00221135   -0.0153950
       7197.5990   0.00204428   -0.0155501
       7202.6646  0.000627767   -0.0169547
       7207.7303  0.000715335   -0.0168554
       7212.7962   0.00127198   -0.0162871
       7217.8623   0.00141543   -0.0161321
       7222.9285  0.000228133   -0.0173080
       7227.9949 -0.000797529   -0.0183224
       7233.0615 -0.000830442   -0.0183442
       7238.1282  0.000133920   -0.0173688
       7243.1951  0.000901534   -0.0165903
       7248.2622  0.000258626   -0.0172225
       7253.3294 -0.000532960   -0.0180035
       7258.3968 -0.000958748   -0.0184188
       7263.4643  4.43621e-05   -0.0174054
       7268.5321  0.000929554   -0.0165100
       7273.6000  0.000571178   -0.0168584
       7278.6680  0.000490549   -0.0169292
       7283.7363  0.000811589   -0.0165984
       7288.8047   0.00104174   -0.0163588
       7293.8732  0.000842602   -0.0165485
       7298.9420  0.000231481   -0.0171505
       7304.0109 -0.000907122   -0.0182801
       7309.0800  -0.00132837   -0.0186925
       7314.1492 -2.00845e-05   -0.0173755
       7319.2186  0.000313425   -0.0170336
       7324.2882  -0.00204483   -0.0193835
       7329.3579  -0.00273891   -0.0200695
       7334.4278 -0.000709721   -0.0180324
       7339.4979 -0.000135313   -0.0174503
       7344.5681 -0.000498657   -0.0178061
       7349.6385 -0.000521410   -0.0178216
       7354.7091 -0.000459105   -0.0177522
       7359.7799  0.000468813   -0.0168173
       7364.8508  0.000792338   -0.0164871
       7369.9219  0.000791602   -0.0164814
       7374.9931   0.00199768   -0.0152691
       7380.0645   0.00152842   -0.0157323
       7385.1361  0.000563930   -0.0166910
       7390.2078   0.00187594   -0.0153734
       7395.2798   0.00317721   -0.0140668
       7400.3518   0.00298496   -0.0142539
       7405.4241  0.000443139   -0.0167908
       7410.4965  -0.00165752   -0.0188868
       7415.5691 -0.000387588   -0.0176125
       7420.6419  0.000134451   -0.0170863
       7425.7148  -0.00126500   -0.0184818
       7430.7879  -0.00136711   -0.0185803
       7435.8611 -0.000915742   -0.0181255
       7440.9345  8.91514e-05   -0.0171174
       7446.0081  0.000840009   -0.0163637
       7451.0819  0.000171130   -0.0170299
       7456.1558  0.000850198   -0.0163485
       7461.2299   0.00112946   -0.0160671
       7466.3042 -0.000188157   -0.0173829
       7471.3786 -0.000368821   -0.0175620
       7476.4532  0.000391207   -0.0168007
       7481.5280  0.000620381   -0.0165705
       7486.6029  0.000917812   -0.0162723
       7491.6780   0.00130696   -0.0158827
       7496.7533  0.000674847   -0.0165147
       7501.8287  0.000434705   -0.0167549
       7506.9043  0.000511351   -0.0166787
       7511.9801 -0.000323026   -0.0175138
       7517.0560 -0.000700310   -0.0178920
       7522.1321 -0.000355424   -0.0175485
       7527.2084  0.000414257   -0.0167804
       7532.2848   0.00136501   -0.0158315
       7537.3615  0.000941183   -0.0162575
       7542.4382  0.000750746   -0.0164505
       7547.5152   0.00141256   -0.0157915
       7552.5923   0.00162105   -0.0155861
       7557.6696   0.00182523   -0.0153854
       7562.7470  0.000810332   -0.0164040
       7567.8246  1.99956e-05   -0.0171984
       7572.9024  0.000321274   -0.0169015
       7577.9804  0.000337085   -0.0168904
       7583.0585 -0.000680291   -0.0179128
       7588.1368  -0.00199754   -0.0192354
       7593.2152  0.000601584   -0.0166419
       7598.2938   0.00254406   -0.0147054
       7603.3726 -8.94252e-05   -0.0173452
       7608.4516  -0.00191582   -0.0191783
       7613.5307  -0.00223535   -0.0195048
       7618.6100  -0.00160963   -0.0188864
       7623.6895 -0.000346847   -0.0176312
       7628.7691  0.000675270   -0.0166171
       7633.8489   0.00134558   -0.0159551
       7638.9289   0.00154260   -0.0157667
       7644.0090   0.00146199   -0.0158563
       7649.0893  0.000297705   -0.0170299
       7654.1698 -0.000680499   -0.0180178
       7659.2504 -0.000251334   -0.0175986
       7664.3312  9.12374e-05   -0.0172664
       7669.4122 -4.39926e-05   -0.0174123
       7674.4933 -0.000735079   -0.0181144
       7679.5746  -0.00115204   -0.0185428
       7684.6561 -0.000664854   -0.0180673
       7689.7378 -0.000437789   -0.0178523
       7694.8196 -0.000641782   -0.0180687
       7699.9015  -0.00126741   -0.0187071
       7704.9837  -0.00182862   -0.0192814
       7710.0660  -0.00234465   -0.0198109
       7715.1485  -0.00240247   -0.0198824
       7720.2312  -0.00194456   -0.0194387
       7725.3140  -0.00162098   -0.0191296
       7730.3970  -0.00172985   -0.0192532
       7735.4801  -0.00166585   -0.0192044
       7740.5634  -0.00175657   -0.0193106
       7745.6469  -0.00225153   -0.0198214
       7750.7306  -0.00127113   -0.0188572
       7755.8144 -0.000785885   -0.0183885
       7760.8984 -0.000829650   -0.0184491
       7765.9826  0.000587342   -0.0170493
       7771.0669   0.00122502   -0.0164292
       7776.1514  0.000321578   -0.0173505
       7781.2361  -0.00120533   -0.0188956
       7786.3209  -0.00309898   -0.0208078
       7791.4059  -0.00363635   -0.0213641
       7796.4911  -0.00132712   -0.0190740
       7801.5764   0.00141031   -0.0163562
       7806.6620   0.00146763   -0.0163187
       7811.7476   0.00109567   -0.0167109
       7816.8335   0.00193219   -0.0158949
       7821.9195   0.00228009   -0.0155678
       7827.0057  0.000893067   -0.0169760
       7832.0920 -0.000341928   -0.0182324
       7837.1785   0.00106294   -0.0168494
       7842.2652   0.00206215   -0.0158723
       7847.3521   0.00117108   -0.0167857
       7852.4391  0.000443117   -0.0175364
       7857.5263  0.000251514   -0.0177510
       7862.6137  0.000646907   -0.0173790
       7867.7012 -0.000564855   -0.0186143
       7872.7889  -0.00312746   -0.0212009
       7877.8768  -0.00269703   -0.0207946
       7882.9648 -0.000601144   -0.0187232
       7888.0530 -0.000464467   -0.0186113
       7893.1414  -0.00156272   -0.0197346
       7898.2299  -0.00178561   -0.0199828
       7903.3186  -0.00249268   -0.0207155
       7908.4075  -0.00289838   -0.0211470
       7913.4965  -0.00129899   -0.0195737
       7918.5857 -0.000752490   -0.0190536
       7923.6751  -0.00138904   -0.0197168
       7928.7647 -0.000481829   -0.0188364
       7933.8544   0.00114728   -0.0172344
       7938.9443  0.000459608   -0.0179495
       7944.0343 -0.000371423   -0.0188081
       7949.1245  0.000778065   -0.0176864
       7954.2149  0.000846886   -0.0176456
       7959.3055  0.000600841   -0.0179198
       7964.3962  0.000746305   -0.0178028
       7969.4871  5.54296e-05   -0.0185223
       7974.5782 -0.000431366   -0.0190380
       7979.6694 -0.000502531   -0.0191381
       7984.7608 -0.000505410   -0.0191702
       7989.8524 -0.000660531   -0.0193547
       7994.9441 -0.000679115   -0.0194028
       8000.0360  0.000212339   -0.0185411
       8005.1281  0.000512960   -0.0182703
       8010.2203 -0.000580290   -0.0193936
       8015.3127  -0.00145141   -0.0202948
       8020.4053  -0.00208061   -0.0209543
       8025.4981  -0.00130332   -0.0202074
       8030.5910  8.61213e-05   -0.0188484
       8035.6841  0.000112898   -0.0188522
       8040.7773  0.000474935   -0.0185209
       8045.8708  0.000496609   -0.0185300
       8050.9643  0.000473641   -0.0185838
       8056.0581  0.000911185   -0.0181772
       8061.1520 -0.000147067   -0.0192664
       8066.2461 -0.000717564   -0.0198679
       8071.3404  0.000306805   -0.0188746
       8076.4348  0.000898985   -0.0183135
       8081.5294  0.000344512   -0.0188991
       8086.6242 -0.000454967   -0.0197296
       8091.7191 -0.000423701   -0.0197295
       8096.8143  0.000223866   -0.0191130
       8101.9095  0.000850249   -0.0185176
       8107.0050   0.00136832   -0.0180306
       8112.1006  0.000904289   -0.0185256
       8117.1964  2.20772e-05   -0.0194387
       8122.2923 -2.08323e-05   -0.0195124
       8127.3884 -7.56864e-05   -0.0195980
       8132.4847  0.000217529   -0.0193354
       8137.5812   0.00111729   -0.0184661
       8142.6778   0.00168401   -0.0179298
       8147.7746  0.000647519   -0.0189965
       8152.8716  0.000603621   -0.0190705
       8157.9687   0.00294353   -0.0167605
       8163.0660   0.00279628   -0.0169375
       8168.1635  0.000565170   -0.0191981
       8173.2611 -0.000142547   -0.0199352
       8178.3589  7.35648e-05   -0.0197481
       8183.4569 -0.000860863   -0.0207114
       8188.5550  -0.00153739   -0.0214165
       8193.6534  1.17591e-05   -0.0198957
       8198.7518   0.00106380   -0.0188717
       8203.8505  0.000771135   -0.0191921
       8208.9493  0.000668881   -0.0193217
       8214.0483   0.00100702   -0.0190106
       8219.1475   0.00139530   -0.0186491
       8224.2468   0.00166393   -0.0184068
       8229.3463   0.00285279   -0.0172438
       8234.4460   0.00365709   -0.0164650
       8239.5458   0.00239898   -0.0177483
       8244.6458 -0.000512547   -0.0206844
       8249.7460  -0.00235045   -0.0225465
       8254.8463  -0.00186448   -0.0220842
       8259.9468 -0.000906832   -0.0211498
       8265.0475  0.000239298   -0.0200263
       8270.1483  0.000256708   -0.0200310
       8275.2494  8.76581e-06   -0.0203005
       8280.3505 -2.14789e-05   -0.0203517
       8285.4519  -0.00155929   -0.0219099
       8290.5534  -0.00178301   -0.0221533
       8295.6551  0.000400309   -0.0199891
       8300.7570   0.00121289   -0.0191949
       8305.8590  6.51245e-05   -0.0203604
       8310.9612  0.000140421   -0.0203021
       8316.0636  0.000417878   -0.0200409
       8321.1661 -0.000166546   -0.0206408
       8326.2688  0.000350822   -0.0201382
       8331.3717   0.00132419   -0.0191787
       8336.4747   0.00196000   -0.0185559
       8341.5779   0.00216988   -0.0183583
       8346.6813   0.00157808   -0.0189614
       8351.7849 -7.84601e-05   -0.0206283
       8356.8886  -0.00100446   -0.0215638
       8361.9925 -5.94131e-05   -0.0206273
       8367.0965  0.000507814   -0.0200676
       8372.2008  0.000773556   -0.0198083
       8377.3052  0.000948092   -0.0196392
       8382.4097 -0.000158484   -0.0207502
       8387.5145  -0.00158412   -0.0221791
       8392.6194  -0.00203214   -0.0226293
       8397.7244 -0.000809556   -0.0214078
       8402.8297  0.000745591   -0.0198525
       8407.9351  0.000549406   -0.0200473
       8413.0407  0.000452593   -0.0201414
       8418.1464  0.000684899   -0.0199052
       8423.2523  0.000484340   -0.0201006
       8428.3584  0.000459710   -0.0201187
       8433.4647 -0.000161650   -0.0207321
       8438.5711  3.58718e-06   -0.0205576
       8443.6777  0.000974595   -0.0195759
       8448.7845  0.000799641   -0.0197386
       8453.8914  1.35852e-05   -0.0205110
       8458.9985  0.000248835   -0.0202605
       8464.1058 -0.000566937   -0.0210595
       8469.2132  -0.00241811   -0.0228923
       8474.3208  -0.00188353   -0.0223377
       8479.4286 -0.000875196   -0.0213077
       8484.5365 -0.000452022   -0.0208612
       8489.6447 -2.02047e-06   -0.0203861
       8494.7530 -0.000573860   -0.0209310
       8499.8614  -0.00176821   -0.0220967
       8504.9700  -0.00225388   -0.0225518
       8510.0788  -0.00142323   -0.0216887
       8515.1878 -0.000826441   -0.0210575
       8520.2969  -0.00186955   -0.0220643
       8525.4062  -0.00255307   -0.0227095
       8530.5157  -0.00118231   -0.0212984
       8535.6253 -3.58294e-05   -0.0201095
       8540.7352 -0.000189227   -0.0202183
       8545.8451  0.000185394   -0.0197969
       8550.9553   0.00134816   -0.0185852
       8556.0656   0.00112228   -0.0187599
       8561.1761  0.000246563   -0.0195822
       8566.2868  0.000196997   -0.0195759
       8571.3976 -0.000417337   -0.0201321
       8576.5086 -0.000672481   -0.0203266
       8581.6197 -0.000296773   -0.0198878
       8586.7311 -0.000196480   -0.0197220
       8591.8426 -0.000285453   -0.0197428
       8596.9543 -0.000479672   -0.0198663
       8602.0661 -1.82903e-07   -0.0193134
       8607.1781   0.00146324   -0.0177739
       8612.2903   0.00196189   -0.0171965
       8617.4027  0.000675954   -0.0184008
       8622.5152  0.000542957   -0.0184494
       8627.6279   0.00123438   -0.0176706
       8632.7407 -5.25884e-05   -0.0188673
       8637.8538  -0.00119153   -0.0199130
       8642.9670 -0.000831685   -0.0194569
       8648.0803  -0.00256670   -0.0210925
       8653.1939  -0.00446103   -0.0228844
       8658.3076  -0.00212939   -0.0204470
       8663.4215  0.000570576   -0.0176381
       8668.5355   0.00105450   -0.0170419
       8673.6497   0.00127875   -0.0167021
       8678.7641   0.00162184   -0.0162400
